100089212893946
100087765251488
100089313457842
100022593157394
100072224378951
100016450958618
100007793261168
100006723613107
100057480516668
100088709876642
100055398086952
100077929894735
100041505851607
100072186986880
100078414728647
100035941412430
100026229282550
100073346100220
100011371405198
100009976813282
100010862626412
100078641023156
100063965926145
100086404485909
100003734064425
100073282641047
100059068046914
100009314722586
100067047301952
100035749114551
100084489946337
100034665037384
100088567599360
100088350049712
100085104581215
100053355880968
100085650926314
100073614892279
100086670556897
100066462986525
100084809756474
100041390443158
100070152211185
100079291850001
100089120555861
100064064112411
100087189105931
100073545129888
100084204799972
100081207113691
100077261282317
100083308927021
100085504805265
100087807935352
100028799203619
103848255833696
100076818498500
112083224951100
100053875542933
100014670453223
100006694455937
100073439225758
100076810718401
100086638815859
100071065563032
100076248259060
100049165975365
100079867584563
100088988160847
100088859614050
100088132675877
100081207113691
100039673064853
100088598495686
112083224951100
100036372167808
100032007841566
100085293841906
100085871289993
100075573672441
100087188401432
100082291986652
100071174468928
100082292715615
100023856079730
100087575466412
100079241692040
100086370575610
100087973778208
100087810736567
100083054343049
100087096977108
100047871171010
100087596528160
100080224701349
100027848682495
100025037055045
100083549312540
100087574380252
100071020793426
100086254478979
100087147613907
100077721276996
100043456691207
100086452609481
100084709020412
100083304924367
100088238730636
100087173073129
100087545563930
100085296743041
100082285181760
100085238297641
100083660175118
100087717948841
100074543252703
100075311581203
100077276556436
100021011591437
100060541522472
100037696504931
100087424357242
100087581796438
100086811781693
100085063358402
100009386948531
100085214894556
100085293030354
100087788981615
100003198277393
100029022762727
231477134958625
100012367922208
110798888475369
100071730408439
100084935015128
100087909366314
100085263810541
100083046110970
107237054972291
100087353312274
100043065288358
100089040622442
100088729063788
100064026180269
100057808479326
100088728984119
100086472195719
100082649002272
100057102921998
100088884647733
100087070518966
100042375699283
100088958327472
100010294178082
100060823107312
100015868443008
100035036102353
100072367396422
100029111887108
100034102570128
100026997931027
100014064660866
100070649560132
100082894459747
100088806382131
100088165737532
100081145184411
100063578959373
103301989273745
100088705925729
100087650832611
100085444881385
100087083002175
100084741756955
100083003380615
100072741854847
100071071373939
100085007374868
100012651997942
100066101045832
100086022082906
100088031836839
100087508855163
100088313503413
100083863373945
100074972228787
100084508021235
100087621445428
100059452196340
100022113110637
100083936424320
100082966842661
100036062843358
100055224847981
100065413297374
100085632111859
100082161259616
100082673235339
100067182647158
100080657564841
100074785255320
100073556170026
100054627708283
100054212325035
100032219829603
100038212354466
100064406795391
100067947332438
100050731446782
100059613583623
100060333274464
100073239020546
100069582834757
100071329484982
100063884822148
100065042216230
100073034988889
100047815514986
100067674305024
100056481727714
100051899582355
100071043769428
100063628083348
100052713547483
100068425420559
100057593975939
100047166392420
100038789864213
100052315905843
100053451016889
100053370785917
100048116253184
100049073720485
100049331532474
100042184343023
100049374280293
100048593475907
100048573766582
100048844896367
100038159957212
100047898523008
100048381885353
100011395864661
100048783333490
100048506716742
100018594905863
100048529546095
100048767856739
100047454213901
100048638771562
100014055638806
100031509276937
100021837590509
100014509238899
100021069425901
100024109604161
100024147766736
100021822422519
100015708722985
100012998382376
100010918775007
100012557808702
100005803907690
100011767654833
100012632474383
100017241822440
100017495349748
100008716153302
100016813331171
100016205889733
100014548098685
100009375609040
100009286489287
100015840038595
100016197464238
100013566906579
100009653649827
1142344877
100013175224073
100012687162393
100014809626859
100010478736706
100006003227732
100008905428482
100010347038321
100014793879855
100010148226643
100013329257067
100012772081250
100014518519116
100004282607483
100010042150009
100014991755330
100014905955767
100010239162311
100013534301359
100014679134526
100002419738650
100004516458122
100012833686411
100012173856949
100007693149248
100009383420492
100005943527841
100008404279313
100014500129143
100014424876792
100014497593946
100014403765384
100011376109519
100014139734050
100008392962977
100012986588729
100008127554752
100013249098215
100010382265790
100009439246320
100008866056635
100012941104355
100013571043982
100014157483381
100013987271342
100010226317429
100013874502078
100013507563367
100007830768603
100011245178447
100013224879972
100012898457069
100009392181733
100013891323669
100011147104505
100013569015011
100012950736616
100013399389907
100013124137461
100013362228311
100013504320594
100013271354829
100009729811751
100012385297133
100010707070987
100011636955213
100005792057906
100009496556002
100011843868785
100011707291749
100006117675145
100009663289737
100011700128832
100007390802820
100005590639260
100009844993946
100005182603438
100006360347105
100006515432931
100008306351640
100007087331038
100009934114283
100007752348478
100009210334456
100008819357095
100007755484001
100009235012105
100007048036397
100008335711407
100008920623958
100007693200913
100006103804050
100003209328100
100007166563661
100006378367659
100044451044651
100013620810743
100085230307578
100919319461737
100006484927273
100010182403195
100043879481889
104303462536262
107654975314399
100233009526807
100053171619302
100053626034148
100055064021712
100055059729476
100051464523590
100019699703554
100010922925777
100048488616662
100053517018457
100052883002693
100041050968091
100012701291406
100041095501605
100044565549713
100040764720079
100010315397914
100040423265514
100040314361471
100026232846286
100036681881605
100011990688473
100016511226021
100017281803251
100009523585174
100025222716327
100027322785696
100025031988992
100023843681262
100021848297756
100023596912452
100086403557288
100543425645582
100009173351781
100042826184936
100087196390143
100077708617320
100007814838564
100066497075756
100055496296972
100087163976511
100058257561014
100108428232275
100088819373448
100012064786344
100081731676305
100009622832190
100088801039816
104985412142418
101871069459097
100053558133201
100079666981339
100068996661558
100077902715131
100087217245638
100088189958880
100078864630830
100068476645060
100012957821814
100053654413203
100068456673111
100088144058990
100056003216248
100088530286138
100045164121407
100054992361791
100011063568296
100084135758987
100088459517372
100015740343757
100022260364837
100008576255240
100022879177945
100036059892839
100057363504761
100078453801780
100086281971012
100073005867809
102472391237184
100088328074920
100009644073901
105299228297720
103823808902655
100085219837235
110034408541827
100054737926283
100088354685960
100088230248338
100004441006099
100044251296112
100087406645155
100065543768911
100085300791892
100083360125420
100084760975768
100087582895309
100087905142994
100073985921857
100010227633908
100085904100198
100087673065175
100087445714277
100009594632448
100083772701535
100084295385228
100087187005834
100042980359817
100009821353967
100087331456621
100008633346584
100052249668906
100047536326330
100057246171356
100052254142198
100026886960661
100027601823785
100078665971644
100032633300714
100041554332994
110370041222985
100063455382666
100076347466127
100080012690361
100077958477742
100021540968708
100085780493175
100081531579461
100011431195801
100086997020635
100075232883329
100033588079787
100053933774287
100087262536234
100068696987227
100046382555122
100065652514612
100081806496725
100048313622584
100024214042419
100010954923369
100085621870057
100081971020053
100080925881011
100079927977065
100085055777916
100077850383771
100012142064334
100012654183489
100082842132087
106324262251326
114870734557701
100082242953517
100083697946960
100073408298521
109828008094319
100050414718162
100061513390569
100019902438591
100022856571415
100008066798657
100021819888566
100026662281702
100050799679216
100013070467735
100085444960114
100053566036042
100072568937872
100072325524840
106771718884152
100074469108139
100020527993858
100083751296122
100077723075414
100085143780479
100054776029164
100069148185422
100077649435853
100077590812595
100015460170366
100019699856843
100061474824484
100061910945523
100048412298230
100081348832970
100048583449926
100026120551503
100085004645500
100046648962584
100009445190623
100033297375955
110602338473304
100081748931937
100051153616570
100084868285393
100086433726896
100085235342012
100037980884497
100042093950771
100035891945968
100085908584239
100040596035850
100030077975047
100034406800342
100085369152205
100038125471448
100086650502962
100041933824684
100041599215148
100086638503060
100073697234655
100085594351390
100084524037366
100085047752212
100013733717210
100021585465618
100072316150122
100012642824113
100064050024364
100009370335828
100074281247462
100080889971028
100082090032843
100085543432572
100054102446529
100036201796362
100074473662999
100069624565163
100020549443119
100036958759444
100085525542438
100086479413312
100018161405504
100042496903133
100078952960228
100009936161203
100050082375150
100086021497800
100009840737015
100086123408478
100076983962602
100078374626845
100075513168997
100085754814028
100010359361197
100085865607744
100008788207572
100072214988078
100085346986290
100003751454985
100079564176970
100003184836620
100028591476079
100066896071767
100006664323251
100046761794519
100022972894414
100011561831079
100074074663019
100085903028226
100085960755398
100053856994962
100010834781965
100083718468242
100053735590505
100051200746197
100031642814106
100083583471404
100052981151443
100010110786426
100010437696657
100036396847625
100083703822660
100086028843784
100024372220761
100026512980488
100083074252890
100010820476117
100007672728378
100026293875723
100069463092933
100083325978711
100051903090354
100069389023848
100070493966098
100079910929557
100015949244836
100078287568658
100050474719777
100004010817140
100007475250609
100072424936861
100060907032014
100072666426752
100010149937588
100085833157258
100073677814144
100054244171407
100069708638416
100043129203538
100056985174327
100016784520260
100069393474448
100043973720531
100068803426904
100078128826554
100080137460998
100074155140287
100074890780073
100063890524271
100052581486099
108042204300915
100052574334287
100080984602691
100070375505897
100073096523649
100002673710759
100006928453442
100081752032513
100084838833077
100003481794541
100059869890190
100081289122866
100011235850578
100080339239007
100073690591289
100023092950073
100030345105199
100071633507807
100008379552189
100010873694814
103327641396853
100047235701054
100055904985043
100085255504170
100063410895814
100084996320603
100079453245251
100084710624686
100075833178871
100029904972923
100085339115564
100011001107396
100083372066625
100070743963327
100007137581038
100006529699782
100083083067556
100077806659241
100036809672564
100058022194045
100084539328552
100074994890388
100068340638851
100074039674524
100066648604019
100062796604755
100067107483843
100073234710237
100075034326721
100065355441297
100072391982682
100051762240870
100081314837803
100081206109825
100072436085238
100027218029825
100071055704645
100068100405689
100064642296900
100083848359391
100014970456962
100082732684515
100084525626135
100077908862105
100075360138112
100042453675187
100085033505949
100082913102259
100077547434229
100084966907366
100071889138785
100078471337008
100084184265792
100005650906419
100027674220564
100059916964317
100010305469018
100068627485896
100057287057216
100073704734363
100015212384770
100073927938997
100008343990764
100072236858789
100081086886507
100002815613005
100070777882875
100069833045066
100010305513804
100084574681154
100007489657677
100070090235085
100032389248886
100026490098707
100067867895385
100031883554264
100082915010652
100080295341406
100040838711932
100041045150681
100052894871240
100017178790558
100040876430932
100035163251253
100052295854754
100056391541268
100069235521991
100071879743561
100018076598585
100048462678258
100059369772180
100072484261467
100079286951747
100082430748608
100039756141635
100084422922872
100035530304558
100028999059409
100081779940094
100041165017100
100013362460614
100023041578787
100011660044038
100027180740628
100064084272308
100083965835576
100069333911771
100047652019032
100081223485353
100073940293231
100055751607045
100058501053134
100008320899535
100009593114149
100081004924008
100080186337580
100080237469702
100029698464142
100008813296058
100074200330327
100078168947526
100049310543618
100054257434936
100009318942885
100069390605332
100030647093347
100082803240711
100009521805524
100072000378512
100042672580961
100006781263381
100079146531266
100017894256203
100072237980631
100025704471502
100012614431302
100082688034701
100062898952236
100080497728624
100083688147672
100080883841042
100082629653473
100079824998596
100049453892637
100079703022138
100004985163243
100083824875716
100083703519200
100073926915287
100073733400899
100081993423722
100080018328027
100055725761620
100075190266626
100018547333367
100075471041805
100074511434235
100071112978587
100073272593581
100080736865171
100081250076018
100074482810723
100072632417752
100070427798926
100046679363764
100069499642726
100082681163075
100052573156997
100007455784559
100058615206566
100056711634706
100018882375027
100006386010973
100082370544053
100057767261842
100045590931667
100067987388815
100077036524071
100042928725625
100079659416951
100073772894344
100043081091116
100042199651114
100083141153016
100082759281522
100081334693463
100069220545264
100005324687956
100005244665983
100083015244399
100013503221325
100048297578020
100070584845771
100082562625722
100037590408770
100077509776574
100081074427247
100007115656309
100058873326761
100075289077771
100063945626224
100011438733549
100067864097879
100014086632610
100010425396672
100052030332102
100013820193413
100074618831052
100081977670608
100080253803577
100067717325395
100055524690383
100082606694489
100026489941943
100007012355324
100082529120348
100080112562164
100080340428457
100015282858666
100082855145321
100061477729049
100079876530390
100030999278655
100077259731354
100082437163002
100008348179415
100044337965852
100024384009018
100028599980736
100075100062981
100040962338878
100043721743339
100044148135311
100081322089870
100073939794601
100064943137663
100079196928237
100068635242017
100082021717328
100065029002023
100075604705631
100081466780496
100076167678464
100074541146706
100015166399173
100081063213400
100044336628917
100015099008551
100080204151064
100069085450909
100074342409299
100080357174444
100013863064167
100073985446081
100079719200881
100078116568820
112103677302391
100078814831172
100077642546766
100043394970713
100072466933978
100040658870522
100039316192419
100077194563199
100045533354111
100032038191442
100052689945276
100076833644425
100051327931088
100054730715312
100076903131671
100067791110032
100071862214093
100075247543149
100042801797981
100065593304995
100076061937529
100049447493340
100013568597860
100041049694884
100065573176605
100075039570890
100063824287253
100042290777753
100072760103682
100068284189092
100074419208898
100070426388002
102371292206926
100063885447003
100054921308856
100017277075836
100039514205220
100053363602685
100064247726278
100071827951065
100013836965847
100041629267775
100071392692676
100021968122078
100071863276520
100071975282516
100058146746427
100070570216799
100021650442850
100072757479654
100072062302144
100067474880455
100072277698564
100072566567708
100058669058832
100071795237526
100007882560658
100072481380096
100058326548408
100072591331926
100050925457563
100062658891991
100030848647477
100055033598608
100012625657264
100070230671761
100065937544959
100062605795081
100034787145671
100070581860432
100071240595488
100062787846058
100016482724612
100067500010482
100060267381696
100051613382370
100025442123964
100025319793139
100050638414212
100051002496591
100064564562132
100058880959314
100022329260759
100058008800302
100088858151444
100088690759010
100087667428346
100009257209031
100088052514028
100060319306036
100087974933444
100088435380506
100082123616951
100054091478524
100088355461904
100076192195619
100088313071871
100080449458920
100088145164779
100075673886454
100069267848296
100087373680533
100086762321946
100267219549485
100077484526166
100359615275120
100081103461961
100084077522824
100085591482234
100075227822647
100020137812425
100084504948010
100046071946526
100083546894639
100069247896959
100083694180319
100082401357449
100071441822293
100012034458389
100077871107609
100074144711763
100000147321436
100078316278637
100018106521303
100004374128848
100077582854998
100043153027928
100075650367812
100076943646755
100076538205843
100063354442266
100065081656782
100087810451818
100087146830038
100085187672533
100014797332210
100085436821826
100085070795971
100080716915828
100043595166590
100082225509981
100063836372968
100033406260123
100013327053121
100078674940855
100080161757605
100005427303241
100030410888032
100075913213398
100016648450364
100071735303591
100072378031246
100081033647816
100076544048360
100076145406983
100049562206856
100053167418243
100076278382071
100072331878809
100016112711016
100073932757704
100049461011571
100054491767495
100011293502070
100056843995777
100067005614330
100012525995049
100049728883791
100046232985682
100061117395488
100046571652400
100063580433649
100023341794128
100069114018475
100069892684026
100067294000494
100013252578696
100041803774788
100011172732823
100071370746196
100005924521438
100029465521013
100071188460527
100067804069401
100064622154045
100050311003591
100066858142226
100087772864664
100069948054876
100081292112040
100087278240120
100065081656782
100024373929749
100085742089459
100050252461053
100073460116467
100088012781240
100085313220755
100058072243702
100088821725683
100085364042480
100049105993298
100031758603893
100075273124106
100075285513141
100045170798937
100085427002219
100086734200031
100084393964469
100084785475327
100033879104662
100085398895395
100077714867227
100069140948684
100084193397498
100083747324320
100075690237186
100071833224278
100049719090563
100039911227811
100024712385098
100035977008516
100012188194499
100055777155549
100007327446780
100009327128764
100028015143277
100060731432996
100003506481100
100039706598865
100052835723261
100057124121338
100042839190803
100088422621657
100088714723687
100086686568303
100066340950127
100082414724063
100076779249838
100075203860518
100036183017261
100082021413990
100088203726665
100068261053808
100086695122559
100012215347452
100085514791039
100088353720543
100051163253029
100055594762306
100007422459683
100069764160500
100088050194615
100082144000526
100087558391808
100084870616807
100085390350359
100086790217240
100054809853652
100086193733445
100052980161483
100086379633467
106412808174547
100085325257614
100075975573543
100050061770887
100066595836024
100052584468949
100085015616752
100085522313148
100077340991775
100085777596273
100077369427067
100060677361297
100082444249323
100084111441349
100084250052258
100080763453831
100013677553878
100079997142752
100078956280162
100083834397495
100084361893030
100077373527074
100082286092836
100067670885292
100081434289706
100082108374008
100083140129670
100083103039404
100080879912730
100076013456264
100082847940649
100078859945376
100081348154588
100057636693385
100082173300054
100066852374022
100026332992160
100080992523308
100081761845818
100036909847622
100078021047370
100041569539103
100012209774226
100068576991004
100069912622752
100082038987055
100070804192857
100082141834676
100026951480193
100081289310903
100082554154810
100067106542450
100074499654985
100035592559585
100012673458210
100025501284000
100029471145711
100006976213206
100076500324877
100081937202023
100058221875647
100069048556697
100054588883550
100075844338565
100063959245548
100069614384750
100082402749904
100069488410349
100068244099902
100081167683229
100079925045995
100002881734641
100079657024917
100048327579515
100050844342152
100082421767342
100069310932038
100040893107013
100054587907057
100080290532572
100041719640793
100023981102051
100078591739988
100068579412244
100028322483897
100078473559004
100050713274734
100081176022829
100050455449559
100079462783028
100020755422390
100082294541466
100058939847225
100082053895321
100077425385661
100078669936284
100048075618706
100071907319286
100081280161105
100069108396004
100022705758676
100080376045634
100073818941183
100078205758903
100081507526555
100072548475483
100080249333382
100023005840024
100073742139739
100078629671338
100081441103500
100057184551955
100028742883024
100077935994277
100053322010274
100067771254746
100076094139035
100070547686010
100077777138099
100054033992203
100056739495414
100031482192662
100081141011973
100076855241702
100003504800606
100009538117324
100080882263123
100026280890124
100050341140388
100071245128196
100080444574979
100071689182769
100080239636900
100055680266369
100012269168563
100042499427946
100081004845569
100079604193648
100022501127953
100076368669963
100078656090523
100050119582288
100073494765190
100080467654387
100079462177734
100019003922889
100080067865934
100080048063827
100067947790101
100057855363012
100026037968213
100080616233367
100076126697403
100077732535939
100080382946763
100080846417892
100055090502302
100070960142207
100041470418672
100080737743901
100060072152829
100080330786231
100065062867494
100080888350215
100080583605922
100079235710976
100078458402616
100074576087218
100024718520853
100004760740142
100071253437552
100078015363836
100025908490941
100075748593202
100080845157262
100077312265820
100050090955564
100037868351218
100079210586127
100080843468543
100065673916897
100077586101572
100042137040239
100078626349603
100074884221940
100058762690945
100080795680454
100054165903695
100022342220819
100054703574566
100014957145090
100029307102478
100011430223129
100074423626613
100049973070772
100067003066902
100080329406247
100079566025969
100054357199212
100067565072655
100080668152145
100054987740581
100079932379976
100074956077805
100060668366371
100078110930915
100076134437756
100080032638954
100080477057921
100080928902956
100078567786259
100069117113928
100056951892239
100028529320463
100070245696242
100069512486903
100042207065936
100079133875255
100001421927200
100072466803716
100057346012928
100077060473413
100080163537515
100080968530746
100080148075186
100079728344832
100060036726516
100072066926953
100080897794088
100080717650170
100080453569168
100063586130530
100050974453855
100075837896941
100079224730718
100075630105479
100009549511326
100006720129157
100065588867127
100080783792577
100070293439211
100022981188221
100080412829063
100071773101317
100080496855872
100080544762066
100080047850808
100045875328033
100035705257222
100061884384387
100080464489249
100051801456036
100080435598316
100080379939995
100041228663716
100080344405374
100026583438582
100017003238409
100078344694165
100078159725000
100025242017395
100049630703292
100080375093929
100051573372958
100036065962463
100080277446908
100080974200283
100021836447385
100076538121425
100080700490682
100072513587120
100070588884685
100033536981309
100065652188698
100077692295588
100075298958499
100060231034405
100078852578389
100025251066950
100080470216146
100080249025526
100080103177381
100077239755875
100053505517104
100079017297351
100028992044316
100053701563613
100080718698654
100060249709565
100051606972883
100080382772935
100078426021958
100069179525451
100068661073950
100072358240044
100077286643600
100051328564774
100058744866772
100080632482402
100056668658958
100079610786317
100080058182567
100066501315762
100076590537445
100065294598068
100077090000064
100078232833027
100078510501965
100071612756332
100080284208018
100078944370833
100055583855208
100080223878021
100079647786327
100079713236275
100068066863981
100066287149066
100077712116145
100012124241319
100068492315006
100078110277231
100073361658866
100063975052228
100076657297652
100079727110932
100036101443017
100078466644193
100046012364590
100078784577892
100072922717570
100078948040692
100008010818225
100044096707817
100070826494948
100076470378381
100075644245029
100069316645916
100077359795730
100048573340720
100076647729091
100067626777045
100078507631673
100072864368237
100078688616380
100076642898452
100087177734744
100086978126216
100065081656782
100046877088645
100088368079034
100009203549710
100076509069214
100051276787476
100011142227298
100088887273703
100016522321003
100086741134650
100085419627830
100073447157252
100065190593454
100065081656782
100088788662585
100084290573756
100088231281496
100082848874300
100050075657957
100088635390434
100082726418481
100082232342998
100087648382934
100086287602985
100085027039683
100083830020268
100087886521377
100087978566405
100087594886931
100086746243038
100088094317602
100052337684871
100067762303611
100087875446020
100087883484867
100088305932070
100085457231108
100066955275080
100081225530711
100063610901954
100013073256443
100088178556629
100030555154744
100087444052327
100087491327944
100018923890611
100024870769765
100086410555829
100083388241968
100086751460040
100085752592723
100086093304739
100085544260859
100085649362456
100085700473886
100085444105136
100085835317116
100084643791533
100084833042484
100084523971044
100080292042122
100084349654108
100051453672785
100061138912625
100084057014440
100011182035298
100081984506723
100084010846112
100014057163279
100084132961169
100083659786897
100080057688184
100082558725407
100082558492431
100082878961729
100021670390489
100078841925233
100008378070920
100081924452838
100081996766672
100081944766507
100081912707611
100081638928529
100080792709896
100079579514807
100081830648408
100077648974457
100068702302866
100081113244991
100081656520694
100076850845351
100081358147943
100057246830927
100081464852795
100080629314250
100076699437139
100080843239163
100080722873399
100080549328289
100078750205146
100080378797133
100080409995310
100080132029220
100079955601058
100080372646336
100068229669662
100023493857928
100071459658090
100073932482617
100054834507270
100080099972805
100079290292697
100023584308553
100063433221104
100070552927135
100079568771401
100078075064220
100065214794627
100043793672805
100078962018528
100078651013253
100078239845936
100068632518409
100078361922330
100078009165911
100078390938599
100073603024168
100060013550392
100063982505000
100076588525515
100077847673819
100073711010326
100077605095736
100077933105906
100077708801372
100077361564095
100071854081809
100066541944357
100077425853535
100077338915332
100077268834469
100063399618155
100073021872391
100022708028519
100076570734434
100077195372615
100068776628053
100077169368467
100076314222416
100071694671572
100064665161821
100036797404300
100070810670758
100075954589294
100072904204764
100074438751005
100055596274789
100076349701828
100075881626378
100075661700465
100065149869182
100060339567298
100075712116140
100075657155412
100074901921944
100021359381513
100051220297153
100074617460767
100074366965781
100074568194899
100061140004241
100074309723175
100074728712484
100074180546286
100074356397822
100074481783432
100045196925901
100072966747113
100074074173640
100073304696654
100027723530032
100055068517386
100056152524168
100072757285767
100073029563725
100013984298769
100073108455352
100069984204352
100066141353279
100064710922273
100030227743558
100071203895390
100072190016815
100072432212511
100071732809283
100071732301188
100071726295929
100071773509984
100063603976148
100067739953594
100067175577174
100071358409066
100040402755820
100071396915507
100070462845858
100006955933331
100069214432780
100007667107771
100052646914591
100022163131933
100071220665399
100025905213283
100053225766452
100070527855403
100070614303551
100069349118846
100070270833296
100055501732103
100015819483520
100066720618256
100058416352006
100037024180293
100070042890395
100030301238298
100069307916195
100046595751036
100039108433060
100067505306346
100016136596490
100063206316793
100008780438900
100068514323105
100068503104758
100068345287263
100068015096324
100066646160697
100050759440069
100069519576671
100069324197185
100063900079929
100065753954522
100069354753157
100069593520348
100035898159250
100046522834977
100012151337550
100040273656504
100057245745391
100066826214411
100062353808535
100041162140481
100058307184134
100066643534808
100056155534590
100065799220157
100063523451165
100062444574725
100065121025629
100066627814823
100065081718104
100047476087315
100065052649904
100057494566275
100048218314123
100030018725858
100057077611888
100065103916610
100062855048064
100043138756269
100064702313554
100064746407064
100064941161270
100010016317445
100061279863094
100064820014550
100065016965159
100062235017280
100060402048950
100064593752882
100051435165603
100064047943564
100064956000649
100059234918456
100064248927093
100053264913419
100064571892284
100047398819532
100044182599666
100042806814742
100048887235254
100060808435168
100031252735367
100062770164666
100062702268418
100062978644708
100054641830293
100059386214494
100061700132204
100061207106842
100057671077851
100026692143141
100060560021618
100061026273390
100060650344909
100059479224650
100059690892194
100059293681839
100058888849321
100058667328921
100058387581809
100058680273401
100011504175127
100056516814273
100011845682696
100056100103185
100056770430746
100056587325096
100057052954785
100056446912157
100056481594902
100050834181100
100055573450568
100054826397482
100020153484894
100056432850890
100051791596588
100055758073963
100055762284797
100044934972364
100034842346859
100055103448399
100055248980430
100025286238300
100045113474827
100054816407774
100055192532057
100015053417003
100051944512277
100029889220479
100040419005327
100052923855241
100024722311037
100027083710502
100045519234103
100046462236076
100054666279149
100041798929470
100053195111553
100054311876211
100052225898347
100023193664843
100054246048068
100052097323572
100054241128742
100053785237158
100052205452807
100043655239817
100048006849158
100012939841100
100046572529872
100054271596300
100053545261194
100053283975751
100052760384596
100053877396642
100051835666308
100053690730032
100026940667064
100049255402329
100052333242657
100014849074632
100051699128272
100051092258405
100051691662629
100029669825185
100047828873862
100043093251817
100049511142613
100049243772198
100048777136567
100021912798301
100045486083465
100047810783338
100014318147268
100042436612308
100040893037180
100024787621589
100041462921567
100041350201335
100039513981830
100029538788824
100007554011214
100034925891880
100029440822551
100007782336759
100009406818182
100010370443981
100021837400942
100025892678853
100024621935279
100010176431189
100021442893104
100020222414884
100019167609448
100012270196776
100014740780998
100012876244894
100013166829079
100014238722575
100012480978799
100013096002052
100010824526374
100050782524186
100089459733705
100089151854291
100087739441635
100081728333204
100089080815918
100088951489460
100088112984443
100085733343343
100024801522769
100089109941151
100087623056619
100083576164971
100065783468314
100088972621738
100087782150654
100089183163030
100088910923993
100088673783941
100084305467999
100082582980268
100080245000880
100087893993108
100088189494236
100088461954856
100088691143788
100065081656782
100068089388467
100086560207704
100086059222470
100087898190820
100088590967399
100088344309881
100025607412701
100088055573002
100085461867177
100087961315801
100080141362906
100087556659698
100011372718445
100087994868997
100084077531902
100050397066667
100075864944210
100088120710339
100087425290329
100049692474176
100051918578604
100087872522209
100087324706262
100076226391730
100087764584379
100083999078641
100081006931917
100087555572292
100087516187026
100087195322548
100087546815406
100087637020128
100029064831345
100087102141113
100068295866452
100057214964705
100086965970162
100087058844284
100078305753407
100083151643097
100086461283933
100086130500140
100086302411593
100084071138902
100085874679501
100083933469537
100055832916647
100069929196509
100070806531948
100056226153908
100076282595776
100069609438709
100082565267594
100085951424670
100071046694681
100079383429420
100086250339266
100027692025007
100078664835966
100086434188668
100086199310442
100085935950831
100085255293894
100081051036972
100085088603948
100075506081593
100086206280738
100086172439580
100080735179662
100083697603962
100085473296388
100079259360835
100086463435244
100086472458567
100082221069063
100086502399572
100080096604131
100085776858536
100086446121106
100060579070606
100063644199128
100084765758094
100086229614899
100081593220349
100086001168776
100073063143757
100053874333239
100086020442247
100085816785684
100086048827484
100085717576385
100085845881352
100043974810244
100086019541162
100086043061323
100014322585843
100079236070370
100085389020453
100084004116576
100083601289719
100085454292824
100085691970115
100084281991207
100085587092115
100083122607454
100085021066125
100085156382234
100084826928071
100084936096814
100053789797921
100084525351094
100084222853728
100084703266740
100080485957156
100080144988354
100084176560294
100084251666871
100084323215226
100075535972580
100053748601330
100080165481661
100081838580466
100073655262017
100084233390974
100084310512944
100084247247019
100084025673937
100083689676029
100047271574346
100083611482486
100010598674049
100071320394106
100081899910046
100060260047739
100083706695499
100083774970313
100060015983104
100081163587230
100083526363567
100009538208468
100079716675649
100054685170432
100052056132145
100015651579469
100023547901561
100083000198842
100015061358729
100080254153893
100042793988351
100081787270872
100057126994824
100054810736324
100081588639895
100076619565257
100076648571980
100042300319731
100081133057402
100080905689330
100081107402565
100081874557299
100080900263369
100082170016900
100081821147690
100081839892235
100068042936484
108483200693262
100080070914888
100051722884361
100080441892698
100074400042372
100066351894390
100022302694344
100079305433184
100081008690314
100081086417036
100081223050245
100069416618800
100080412141405
100077321251272
100064882364187
100051544698023
100080312319344
100075178782100
100047871812262
100069266281317
100078971552055
100080711916786
100042747571268
100080334259932
100080630765588
100079031791095
100080285928577
100079054643773
100079471723915
100029143663199
100074768498286
100078685345959
100046236769269
100077569592194
100052851908308
100079912822210
100079679810130
100079048346241
100079822125728
100079451895055
100074304274834
100078911430204
100080015665099
100053330670425
100065961511074
100079474561506
100080203690021
100048986560476
100076188171996
100079878777084
100077342866872
100008913588741
100078822501731
100080017482523
100071107240477
100041715353526
100075355454401
100077940521842
100079607858418
100080038865403
100071139127138
100079021788169
100070575860488
100079124056667
100063175716014
100060975462207
100071542363550
100078209102610
100013832442795
100079752875833
100074059027817
100077163961202
100076000805166
100063571902926
100076496032119
100078806919518
100076945124364
100077838944041
100075667823235
100077366685436
100078836246632
100077443421563
100066351643736
100066450281102
100078820598264
100077335075717
100064047047944
100062499323008
100065704390924
100029314387291
100076809523294
100067310615449
100078112425364
100078511696092
100037749670451
100011039410139
100075331628481
100078914221087
100069818176791
100078683883087
100078516882313
100078361852305
100078332238576
100078085805576
100010388761398
100077725365197
100067354543941
100077925515310
100077966884841
100077656965248
100077669985118
100077707899947
100077057805411
100076659481982
100070770942900
100077579852953
100070994463553
100076948306516
100077930040290
100069994510289
100076574761500
100077284606701
100073353319644
100077312012934
100026740172715
100073036261828
100069744635105
100072494841175
100007569884798
100077142338011
100034918515786
100075594512866
100069291865688
100045052036654
100077231071090
100075654884343
100076571421562
100008291918627
100049573172079
100057219099741
100015961784147
100076303101383
100043972730388
100061201789272
100015255720286
100076650801283
100076968699111
100074881704823
100076357163038
100076758553822
100076986032939
100073055603350
100059302219273
100070947292010
100014566812552
100076614133680
100039571233764
100075894581814
100070705337433
100074228059441
100075396918829
100064355650226
100075421342122
100075922264274
100076614424118
100076252102993
100057075788876
100051261785632
100076516900700
100075240603397
100076133696335
100007572848770
100076280953177
100042309515004
100076341189400
100040946197763
100048936198340
100010689333062
100065201707160
100075041022271
100067827674728
100031121510352
100023514763383
100075443315763
100061254979775
100075624880021
100048160539914
100021006125542
100075728167685
100040952657188
100067884581896
100073316210479
100075282858680
100043258553283
100071837732568
100045852913744
100075722382253
100063631594912
100057433681098
100009623556012
100075143322110
100053664753035
100075626650794
100074631541228
100062495977986
100054737809010
100026184064536
100033621790470
100073677650259
100075525793886
100056206200418
100074985888380
100074343851381
100075021544006
100075318258609
100046709982169
100075726001620
100012210316399
100075242631422
100042713385216
100052468387349
100075219901628
100031324390118
100075225217868
100065042511203
100074145008735
100044547004598
100066340286560
100038739592515
100074541783886
100075319029671
100029616140662
100058389323216
100051447793123
100075332558770
100063971806760
100014844341605
100072311361649
100068146021225
100061279133595
100075380046154
100062024327589
100072388124330
100011041749631
100073610212144
100067386394899
100075178510248
100071647459415
100074807423298
100072317526591
100074760475636
100075047343398
100035783958400
100014870432059
100071086061020
100021963199013
100073166603584
100003964795983
100064008572202
100074875272973
100072386556483
100075080041232
100071714227814
100073977191106
100068199572979
100073384117685
100074223548125
100074547377370
100050677680228
100074258725207
100067181177207
100074502674942
100074012291658
100074329102245
100073782354939
100074635834314
100074058019731
100069844091854
100063451842991
100047928662051
100074109871789
100036568924337
100073940784568
100073351314787
100074132243716
100073862995264
100040716794693
100073806734700
100073637102793
100074029335684
100065370004887
100073713174418
100074165324111
100048983918514
100073717495457
100073459154581
100073686165317
100073846576243
100042278020272
100067099337796
100073235185854
100071972336111
100073878933942
100073072373142
100073474626166
100073765205769
100072284694738
100073438268070
100071924861691
100073235397169
100073670792781
100041531808238
100073034515046
100057614404883
100068235461891
100073237995360
100050673158243
100070494939323
100073329245498
100045846248181
100053853814842
100058294958628
100072194720454
100072959305936
100072071434494
100055275711175
100055060539545
100067640948648
100072981852965
100026481345854
100057736021015
100038818366800
100056973077450
100071089451127
100064633785061
100030529192305
100006230225857
100041660402939
100041687713813
100068854952730
100072744588550
100070554151458
100070431002817
100054769615165
100071085531857
100014226007285
100054965553812
100072693714177
100068289184298
100008607611563
100019245372364
100056807679254
100065181607383
100032893796822
100028690833852
100072359137361
100039235191695
100056891010819
100071367675528
100061240217886
100072051648603
100063583092554
100072620859451
100072865116942
100072779982911
100061421825558
100071910064217
100011956274485
100034446707912
100072640694699
100072156984902
100060131569560
100068993543062
100072525829062
100069346038072
100023921678794
100057548354403
100005127039841
100065586311887
100071883420683
100065782609117
100072434635990
100048196090013
100070829494424
100071628458147
100072437115253
100071871520389
100007801787791
100051423034957
100072406250939
100072144734671
100027524884944
100072199970050
100068505937875
100058912785882
100072232026504
100070420812963
100057603273345
100072533551256
100072489696236
100009706747475
100059722582324
100071535099267
100072133789281
100071481427569
100015472786956
100036972829011
100072288991893
100040667320883
100072012135032
100062282765349
100044171139792
100034335460172
100072024312794
100023866194214
100072076420518
100068972434681
100046541599706
100029311362405
100070848160139
100071789961291
100064845535288
100071759690975
100063935790067
100071675481883
100065637793022
100069299439514
100066418958687
100071936855879
100071686938416
100070317909726
100071849401541
100056336912310
100043529411532
100066066966000
100050465703676
100014769392256
100050105589717
100069786740006
100023649409837
100058482105816
100038321240388
100060159911038
100071572210074
100065352745182
100069206913531
100066693794151
100071420696582
100059820790485
100066665946023
100054811069007
100048136003936
100010433679284
100071643615060
100023772948563
100066933870165
100070353856365
100061766207172
100060217236909
100019698386875
100063226663775
100046112062397
100071456675885
100057539654862
100044831420726
100025080153676
100070187333682
100071629934937
100050361946949
100064717480387
100071536371487
100071542065063
100058204275753
100013693782602
100039420639927
100018952723753
100067574330909
100057320242157
100053007698597
100065599924634
100070777273327
100020412483682
100024955415025
100042918998747
100069836479254
100071449370698
100059124877655
100016021175349
100071663743181
100064695164684
100048880988274
100041232811184
100066536057759
100071662212971
100057323860769
100019351036594
100046200908292
100063627537194
100026561148277
100055248580028
100034337414229
100060482427216
100060556104105
100064041581419
100063635250026
100069953822587
100070995151207
100036470050606
100066634795431
100069498396220
100070747944588
100070617150927
100069514313755
100069519288726
100051738579312
100067424595245
100071503031776
100069060514313
100070701581994
100069191297511
100069906486918
100016016203350
100012481807829
100063144221509
100056564359904
100064759897690
100036738714306
100057857792939
100065301956855
100062372610422
100055331409619
100040379040563
100069920102629
100059041427677
100064534260216
100071519708001
100063411780230
100041565289606
100036166687758
100055672908783
100023219745387
100057514147463
100042756369588
100044830272240
100014826123946
100071407734429
100067145116235
100055543723387
100008487165664
100070998254775
100045197627684
100071453019706
100042201362878
100070278896873
100071622244890
100067810561514
100016853254826
100052686460569
100016114667448
100056865570148
100037463838163
100052224709577
100067979391374
100070887350926
100069837033891
100011506153155
100020083434880
100024059723559
100069209565263
100070003339485
100065246125155
100021281075235
100030307081210
100070221282568
100040642572948
100070374423833
100062073492820
100070998000324
100036614672641
100068180048508
100024310032765
100068960534284
100070892064164
100070379134258
100003298697049
100018685211120
100055509106664
100070999776045
100061585686109
100053099093682
100070670015873
100069339983761
100057737550053
100070360626214
100055558021906
100012266891421
100069301733792
100043081234934
100069813860398
100038236148381
100044985571799
100069924815322
100068022152293
100022584018331
100069139536374
100005231320293
100062253046124
100028261093558
100047036587350
100047231374637
100057380567918
100051303494897
100069169731696
100055043297606
100023292701094
100068867541746
100069003251593
100068506295530
100007412582492
100044312738149
100004821636377
100057591414318
100058735941285
100057097835677
100068173701216
100049760942977
100041869725599
100061239526733
100065266374361
100010305099643
100068298399202
100051514591171
100068013202782
100057653250342
100039326230232
100040899303207
100046123188664
100049962904795
100067216214813
100041546358895
100067383722364
100041425071969
100067061184323
100067554183933
100043152558206
100067152528219
100055321436983
100036847943973
100065086441028
100030506208746
100041111588667
100013938364104
100055340001315
100039571631263
100052152532112
100057035833654
100062378642969
100065421872696
100066184074975
100056954325937
100051909070652
100053405801920
100017234584946
100052800456979
100066792744102
100054411580656
100057805713865
100012572045520
100066274763618
100032849096779
100065664487518
100022345818340
100057207193589
100053072978663
100052433327503
100042311540356
100055321473188
100057037159684
100060202214001
100066940336227
100065270769700
100049299520844
100066866568599
100058615928246
100052638050896
100039958851614
100045084441722
100051887595364
100058485553555
100052155391326
100019026565854
100052232117180
100040701794544
100055478083196
100058283276401
100066600666111
100051399517522
100011022193137
100054425631755
100003797960635
100029906523696
100066789231912
100010139611937
100051523696557
100050016070278
100050272011677
100054286710339
100060499185687
100066936434344
100054396390876
100065404971946
100057106549357
100030205653298
100041459781941
100062896121742
100064413592203
100057847684700
100053461541184
100067044068755
100045342994872
100036424862609
100052060431426
100064125750767
100063789512199
100039110833365
100057718420776
100046691745630
100030361284119
100022319825340
100027739117264
100028239921700
100043398004551
100021987460940
100052707739402
100050612233588
100026515383772
100042013583276
100027407412774
100035428777938
100052888853860
100046303935074
100030307013915
100025347307228
100064338522578
100015917979229
100066965771319
100051762242886
100067038338498
100057629803442
100048640027240
100027153632975
100033771738269
100031812424116
100039452044228
100026223068928
100025424262955
100051436538608
100063451971877
100058760975139
100054165813065
100066769129780
100045117738621
100026777560996
100053345862083
100067006236532
100066688582392
100065636326619
100048424172675
100067074993234
100065652233391
100046682419741
100010507530651
100045394974276
100010573509165
100037652708425
100066809235363
100024660587483
100062344178513
100049039086451
100065807670502
100045725704729
100025678277961
100049898509427
100054199431189
100064811516557
100011894341288
100063635562890
100053182397808
100009735674159
100033462526418
100057497371454
100047357594111
100060090816142
100062402379658
100057597336146
100012939794417
100059895546926
100064810579579
100043923922978
100017904189102
100065407263982
100066625821752
100011262345316
100019701851319
100053671723296
100041444070718
100023667795452
100026519360274
100043862582364
100034845252716
100053598440646
100057130239986
100047192744670
100059329920573
100050349009259
100056174605011
100065270927211
100027498548195
100021995702441
100054634146860
100047329748819
100008866893494
100044875354528
100022782426955
100062207754899
100009658266646
100061807244379
100063439722508
100064003793852
100050980175086
100030565535713
100029296852394
100055889447605
100049583855321
100065947215718
100057207024511
100061557665378
100057975383304
100038621319968
100055861222430
100057026527612
100042404850098
100065362396358
100012379207914
100061183208070
100048951288996
100011188068798
100055840460110
100008600529559
100010638882552
100047937361791
100064050772874
100065228113320
100063470554706
100066581439175
100019131710132
100037871133021
100063565934963
100063485840420
100063042283841
100058216371567
100060801731829
100026891467684
100064696581081
100055206847607
100006708493726
100066617403600
100008609441552
100013847132908
100065602631149
100053734904435
100054796754704
100066516279283
100011361522575
100062941345861
100060666933415
100038776281566
100044970939188
100050763233296
100061285963915
100051529485807
100066718577217
100062622543219
100033149688928
100039779738595
100058730432448
100065532561270
100065105530670
100030149026978
100064473583880
100039272208332
100033759885147
100046376432147
100060189810449
100037318537466
100061928476735
100049973631156
100066834490951
100022362770347
100062351094526
100049560480380
100042632435010
100035175843131
100064495832141
100053727353381
100052315847192
100056965334261
100059115000527
100036262542642
100055225672744
100020001373080
100041784544256
100023383576610
100049458249247
100044054599283
100055828488278
100048014376153
100046262826688
100065598896202
100065451526229
100024991685151
100007165665550
100028465882295
100061355756346
100023738790497
100042008691822
100027214990674
100028978694064
100059154145315
100064507465786
100047462137438
100059606190009
100050999719945
100063818112486
100037669868121
100066298151166
100053070485658
100036513612241
100064798334178
100065810242303
100059623158604
100050677967934
100066627193760
100041570354931
100041142589844
100011487308961
100057860401093
100066259401063
100063884792448
100047848633368
100066306122060
100052683887386
100037640025283
100034550143559
100065280799861
100051958430348
100065432834621
100057463549215
100046300485406
100036366551039
100038733144079
100049820749833
100041669842277
100047868244275
100055206576249
100065807495767
100062019284860
100064929878346
100067074210535
100052141162496
100052644484410
100066453012446
100063778642523
100065063199234
100064606295216
100066220435815
100065934631285
100063754760309
100007630159481
100026110304726
100064837175448
100066842741187
100011374177366
100025074709179
100051510993456
100022509605365
100065114563300
100066595562105
100061078427507
100050613965491
100063477602309
100065407923892
100026457781156
100033573167684
100044182461311
100038100482412
100065885583079
100044427309620
100065953316665
100066493773297
100065554125376
100010313052550
100011905218756
100066634530538
100045486820627
100054158272283
100066453330547
100055930581881
100044995372495
100066818400937
100028541165507
100062690333387
100059681337184
100064776961023
100057913740819
100053707302042
100049789993456
100056566505260
100049373888185
100065326653067
100051752794117
100033417704459
100053346316525
100065041906275
100064991227255
100005061721366
100063693383938
100052607144752
100058851143075
100014374812258
100054602144085
100057843931652
100041463155721
100065509240582
100043809995807
100020356772548
100052545428168
100056186083586
100064843584747
100063717930671
100039119124199
100045358863969
100038275517949
100066342138922
100044376163298
100060672640962
100054308260902
100036977103082
100059211087114
100066593858083
100064864781224
100065950993022
100066484105419
100057268487944
100065274506828
100065460523314
100066069352493
100063848319416
100057441651637
100045705278399
100065618730336
100065687781778
100048034328030
100063629911361
100013838888220
100064148121261
100061481784777
100065182866960
100046798490658
100041604155988
100066882787795
100040640444488
100087292805816
100087713402194
100082557703805
100078429019643
100049632637348
100084268071880
100086463914294
100087643892195
100072907314071
100081895250456
100065081656782
100006667183852
100070248564625
100013130492345
100039522969197
100082420216303
100088378443947
100081297563784
100080444334306
100032106143715
100086242401158
100033803955781
100046989769333
100085099174532
100025661484065
100067331595737
100076013203432
100051416074211
100083361566910
100049864447597
100083223183672
100036185915850
100066403849474
100083114254480
100082798385073
100050640664189
100063622353559
100080064037792
100080296511902
100071131752511
100073635470425
100021986953056
100080205106592
100064677454037
100079041061422
100080919025247
100062772114524
100080207754844
100058711343824
100080711521828
100011367044430
100016830221303
100079943872578
100011102253325
100066269974754
100057755107629
100060862524539
100052113951775
100043869727695
100055428799930
100055539836431
100053370692378
100057629881209
100047476233458
100009617070258
100027548691275
100029022212192
100040682943025
100040677900513
100054003021103
100052281923885
100030143315047
110581705229653
100088329300551
102485096069540
100070489331068
100050918401604
100010464425350
100066906788275
100084658747958
100088386343677
100088430481986
100051252040020
100079567145331
100085262859055
100082987896562
100076883332434
100080595801523
100084678420383
100077969743805
100087294546245
100088487105911
100082961091514
100088121212785
100076597346607
100084847043558
100086473907292
104464122043840
100072448632244
100089249023195
100088831855921
100033871850015
100079125350848
100086434548458
100089064761801
100089200805620
100088737649876
100006094126536
100089175751484
100085932286209
100014076522061
100088755972020
100010030140019
100077421086001
100010238731682
100086810376004
100061660989942
100059172921735
100071754549877
100085682979312
100061163314749
101227209453795
100048700996323
100086104927183
100086781635933
100084981134680
100085144654254
100068588330774
100085956522536
100076321424691
100080005421526
100079875816376
100013563823898
100088290860039
100070522937446
100045639564144
100088458618505
100074652256520
100009160883994
100087571817920
100086240100923
100086973411649
100012477100605
100087098379221
100071553428585
100053090501428
100040453128066
100082981821243
100008176534674
100067837748726
100034473886507
100085785076873
100075267964618
100014190978279
100022844473407
100011891059243
100010219692677
100008800273265
100084895321624
100082047521726
100084603351721
100014934880823
100076430277302
100060676277903
100007392454577
100007683910778
100009671720088
100074393718946
100084149594187
100052027578566
100052659851924
100004084778209
100082283162857
100024722358087
100054616723455
100081452273702
100079482755183
100076897644905
100081798184520
100082094616463
100082282113845
100070286148084
100081827853317
100073843265713
100012211302484
100079858675025
100048436602938
100080628937027
100074614089859
100068091675719
100085031649888
100065081656782
107096647592455
100028113711091
100022722041069
100082292693389
100048605530189
100031277853988
100086670131075
100024023977190
100036086344265
100006242409836
100078766272538
100039539539587
100067942607191
100069880794835
100013546083853
100080092359059
100079170115195
100073075286804
100007373863286
100068889570190
100053020712457
100055646288960
100007118378408
100077886506091
100006870312885
100055945441174
100056957224382
100064127264560
100004104963071
100036120761895
100014670453223
100006694455937
100073439225758
100076810718401
100086638815859
100071065563032
100076248259060
100049165975365
100079867584563
100088988160847
100088859614050
100088132675877
100081207113691
100039673064853
100088598495686
112083224951100
100083077365636
100081319592701
100081037713270
100087500082720
100089327529792
100089054800798
100079543410915
100085163383210
100025789009322
100081104330126
100027316037838
100013765120803
100072525675164
100087581437886
100083867529041
100056211514008
100079371862269
100088035157389
100087919699301
100070587330065
100087629241725
100017826701924
100087986980413
100086017473570
100074081825077
100088551392106
100087956709252
100088171820138
100086148564016
100086634567741
100030230656312
111960528364824
100080144199748
100081191984079
100077117115917
100065081656782
100071016464997
100084387980353
100088288884128
100070602849002
100032923972152
100087271931007
100087495523919
100087262673627
100083409909843
100071548218900
100064064112411
100087403364122
100085293340347
100087112754222
100084497041855
103848255833696
112083224951100
100085776228062
100085848138848
100037933441119
100086501707625
100069333625866
100082503251588
100086460637577
100088791948095
100089224755028
100089179666384
100088229910093
100088149344051
100080098406504
100079672775227
100082308362194
100080503523634
100089439964146
100085176675503
100074002781474
100083050280774
100074751544651
100078544385898
100089210760471
100082307079021
100088444447643
100087314107698
100078289554493
100088593619948
100036453375383
100084367549328
100087296440266
100087503118746
100086929306013
100072746501661
100087445840229
100078220565477
100077921545283
100058175208687
100052613627529
100057473430929
100057708250950
100080459413923
100050276677455
100086088414948
100057919047122
100085155727868
100084220637847
100083607823652
100083511049647
100044510581459
100045498883610
100071029240170
100078979773638
100083121317202
100083835480172
100079062780892
100076846680611
100055479159871
100080655563616
100040562053836
100053745582430
100073305602776
100072838525672
100056303719266
100065914542166
100071665581608
100070999976242
100071049518326
100053894921727
100015286991640

